	Id	SalePrice
0	1461	119092.46700379884
1	1462	151540.46700379884
2	1463	161972.46700379884
3	1464	181044.46700379884
4	1465	227892.46700379884
5	1466	172980.46700379884
6	1467	190900.46700379884
7	1468	161652.46700379884
8	1469	215348.46700379884
9	1470	114228.46700379884
10	1471	163956.46700379884
11	1472	93532.46700379884
12	1473	91892.46700379884
13	1474	144820.46700379884
14	1475	115508.46700379884
15	1476	342356.4670037988
16	1477	289876.4670037988
17	1478	290740.4670037988
18	1479	296948.4670037988
19	1480	438644.4670037988
20	1481	334772.4670037988
21	1482	237044.46700379884
22	1483	172404.46700379884
23	1484	159572.46700379884
24	1485	197172.46700379884
25	1486	195892.46700379884
26	1487	308788.4670037988
27	1488	248884.46700379884
28	1489	216724.46700379884
29	1490	242164.46700379884
30	1491	206228.46700379884
31	1492	101084.46700379884
32	1493	197372.46700379884
33	1494	312884.4670037988
34	1495	288692.4670037988
35	1496	217812.46700379884
36	1497	170868.46700379884
37	1498	166364.46700379884
38	1499	151092.46700379884
39	1500	142964.46700379884
40	1501	197172.46700379884
41	1502	140148.46700379884
42	1503	278996.4670037988
43	1504	243508.46700379884
44	1505	234804.46700379884
45	1506	189172.46700379884
46	1507	241460.46700379884
47	1508	199412.46700379884
48	1509	145268.46700379884
49	1510	139956.46700379884
50	1511	156060.46700379884
51	1512	183860.46700379884
52	1513	149500.46700379884
53	1514	148060.46700379884
54	1515	206388.46700379884
55	1516	160436.46700379884
56	1517	191220.46700379884
57	1518	116276.46700379884
58	1519	216500.46700379884
59	1520	124276.46700379884
60	1521	111860.46700379884
61	1522	195636.46700379884
62	1523	102876.46700379884
63	1524	121588.46700379884
64	1525	109748.46700379884
65	1526	120732.46700379884
66	1527	101772.46700379884
67	1528	138164.46700379884
68	1529	131700.46700379884
69	1530	233588.46700379884
70	1531	157340.46700379884
71	1532	108076.46700379884
72	1533	162292.46700379884
73	1534	106124.46700379884
74	1535	144756.46700379884
75	1536	92788.46700379884
76	1537	63196.46700379884
77	1538	185436.46700379884
78	1539	226828.46700379884
79	1540	121372.46700379884
80	1541	137844.46700379884
81	1542	137780.46700379884
82	1543	205660.46700379884
83	1544	90316.46700379884
84	1545	135484.46700379884
85	1546	159324.46700379884
86	1547	153820.46700379884
87	1548	151020.46700379884
88	1549	119340.46700379884
89	1550	139100.46700379884
90	1551	111220.46700379884
91	1552	155188.46700379884
92	1553	163788.46700379884
93	1554	123508.46700379884
94	1555	162036.46700379884
95	1556	80988.46700379884
96	1557	99356.46700379884
97	1558	82100.46700379884
98	1559	78044.46700379884
99	1560	132444.46700379884
100	1561	135028.46700379884
101	1562	138356.46700379884
102	1563	120116.46700379884
103	1564	148436.46700379884
104	1565	136692.46700379884
105	1566	256948.46700379884
106	1567	57484.46700379884
107	1568	221588.46700379884
108	1569	122716.46700379884
109	1570	146804.46700379884
110	1571	91444.46700379884
111	1572	136788.46700379884
112	1573	227860.46700379884
113	1574	106716.46700379884
114	1575	243956.46700379884
115	1576	236084.46700379884
116	1577	191604.46700379884
117	1578	156492.46700379884
118	1579	132820.46700379884
119	1580	194548.46700379884
120	1581	166068.46700379884
121	1582	136596.46700379884
122	1583	266932.4670037988
123	1584	224308.46700379884
124	1585	136532.46700379884
125	1586	60380.46700379884
126	1587	101212.46700379884
127	1588	162100.46700379884
128	1589	84636.46700379884
129	1590	119380.46700379884
130	1591	76788.46700379884
131	1592	121692.46700379884
132	1593	134196.46700379884
133	1594	161316.46700379884
134	1595	105932.46700379884
135	1596	228212.46700379884
136	1597	193972.46700379884
137	1598	223988.46700379884
138	1599	202548.46700379884
139	1600	173844.46700379884
140	1601	49820.46700379884
141	1602	105948.46700379884
142	1603	64860.46700379884
143	1604	253044.46700379884
144	1605	228532.46700379884
145	1606	163956.46700379884
146	1607	191260.46700379884
147	1608	208500.46700379884
148	1609	208916.46700379884
149	1610	161844.46700379884
150	1611	155572.46700379884
151	1612	188308.46700379884
152	1613	181236.46700379884
153	1614	144564.46700379884
154	1615	68532.46700379884
155	1616	58036.46700379884
156	1617	75700.46700379884
157	1618	134492.46700379884
158	1619	157044.46700379884
159	1620	195444.46700379884
160	1621	129268.46700379884
161	1622	143892.46700379884
162	1623	275828.4670037988
163	1624	202484.46700379884
164	1625	110324.46700379884
165	1626	176244.46700379884
166	1627	167860.46700379884
167	1628	269300.4670037988
168	1629	180404.46700379884
169	1630	331668.4670037988
170	1631	238420.46700379884
171	1632	257076.46700379884
172	1633	177588.46700379884
173	1634	179444.46700379884
174	1635	181620.46700379884
175	1636	156020.46700379884
176	1637	191532.46700379884
177	1638	195516.46700379884
178	1639	183220.46700379884
179	1640	247860.46700379884
180	1641	174900.46700379884
181	1642	251124.46700379884
182	1643	232180.46700379884
183	1644	236404.46700379884
184	1645	209364.46700379884
185	1646	160436.46700379884
186	1647	143732.46700379884
187	1648	133916.46700379884
188	1649	147892.46700379884
189	1650	112636.46700379884
190	1651	116212.46700379884
191	1652	103732.46700379884
192	1653	110068.46700379884
193	1654	151348.46700379884
194	1655	132660.46700379884
195	1656	131124.46700379884
196	1657	158132.46700379884
197	1658	144308.46700379884
198	1659	134260.46700379884
199	1660	148148.46700379884
200	1661	379892.4670037988
201	1662	360852.4670037988
202	1663	343892.4670037988
203	1664	425716.4670037988
204	1665	306804.4670037988
205	1666	338164.4670037988
206	1667	324860.4670037988
207	1668	338204.4670037988
208	1669	313108.4670037988
209	1670	320372.4670037988
210	1671	295860.4670037988
211	1672	376052.4670037988
212	1673	326260.4670037988
213	1674	284660.4670037988
214	1675	228948.46700379884
215	1676	230612.46700379884
216	1677	239732.46700379884
217	1678	422972.4670037988
218	1679	365364.4670037988
219	1680	299156.4670037988
220	1681	256948.46700379884
221	1682	328244.4670037988
222	1683	221300.46700379884
223	1684	188532.46700379884
224	1685	184084.46700379884
225	1686	164372.46700379884
226	1687	185204.46700379884
227	1688	188788.46700379884
228	1689	191860.46700379884
229	1690	196596.46700379884
230	1691	182004.46700379884
231	1692	232564.46700379884
232	1693	178804.46700379884
233	1694	172404.46700379884
234	1695	179444.46700379884
235	1696	234228.46700379884
236	1697	182836.46700379884
237	1698	337268.4670037988
238	1699	339796.4670037988
239	1700	287796.4670037988
240	1701	306932.4670037988
241	1702	237172.46700379884
242	1703	239476.46700379884
243	1704	274388.4670037988
244	1705	243220.46700379884
245	1706	349556.4670037988
246	1707	223700.46700379884
247	1708	219124.46700379884
248	1709	265044.4670037988
249	1710	242420.46700379884
250	1711	262900.4670037988
251	1712	269780.4670037988
252	1713	260980.46700379884
253	1714	228980.46700379884
254	1715	217588.46700379884
255	1716	192436.46700379884
256	1717	192884.46700379884
257	1718	153332.46700379884
258	1719	235892.46700379884
259	1720	242612.46700379884
260	1721	157108.46700379884
261	1722	124404.46700379884
262	1723	151412.46700379884
263	1724	221396.46700379884
264	1725	230964.46700379884
265	1726	201396.46700379884
266	1727	148852.46700379884
267	1728	162740.46700379884
268	1729	165492.46700379884
269	1730	166180.46700379884
270	1731	117940.46700379884
271	1732	116084.46700379884
272	1733	114356.46700379884
273	1734	116412.46700379884
274	1735	125620.46700379884
275	1736	100788.46700379884
276	1737	352052.4670037988
277	1738	295028.4670037988
278	1739	261044.46700379884
279	1740	228564.46700379884
280	1741	196340.46700379884
281	1742	171700.46700379884
282	1743	171380.46700379884
283	1744	344372.4670037988
284	1745	225012.46700379884
285	1746	216252.46700379884
286	1747	199220.46700379884
287	1748	223540.46700379884
288	1749	135092.46700379884
289	1750	121948.46700379884
290	1751	242356.46700379884
291	1752	121588.46700379884
292	1753	149084.46700379884
293	1754	189788.46700379884
294	1755	157268.46700379884
295	1756	139316.46700379884
296	1757	110260.46700379884
297	1758	144564.46700379884
298	1759	179124.46700379884
299	1760	174708.46700379884
300	1761	157404.46700379884
301	1762	182964.46700379884
302	1763	172532.46700379884
303	1764	119668.46700379884
304	1765	157620.46700379884
305	1766	181684.46700379884
306	1767	236404.46700379884
307	1768	139572.46700379884
308	1769	169780.46700379884
309	1770	167860.46700379884
310	1771	113308.46700379884
311	1772	145372.46700379884
312	1773	125916.46700379884
313	1774	146676.46700379884
314	1775	140340.46700379884
315	1776	131676.46700379884
316	1777	100340.46700379884
317	1778	149172.46700379884
318	1779	147676.46700379884
319	1780	170972.46700379884
320	1781	121012.46700379884
321	1782	81756.46700379884
322	1783	135284.46700379884
323	1784	85260.46700379884
324	1785	117644.46700379884
325	1786	115572.46700379884
326	1787	164276.46700379884
327	1788	62700.46700379884
328	1789	100748.46700379884
329	1790	60508.46700379884
330	1791	204084.46700379884
331	1792	170996.46700379884
332	1793	126644.46700379884
333	1794	179252.46700379884
334	1795	130524.46700379884
335	1796	161396.46700379884
336	1797	115676.46700379884
337	1798	117428.46700379884
338	1799	113844.46700379884
339	1800	114324.46700379884
340	1801	120412.46700379884
341	1802	104668.46700379884
342	1803	150772.46700379884
343	1804	130516.46700379884
344	1805	138228.46700379884
345	1806	136876.46700379884
346	1807	158700.46700379884
347	1808	125772.46700379884
348	1809	124876.46700379884
349	1810	142172.46700379884
350	1811	75916.46700379884
351	1812	95372.46700379884
352	1813	132828.46700379884
353	1814	80092.46700379884
354	1815	53868.46700379884
355	1816	107828.46700379884
356	1817	109708.46700379884
357	1818	165340.46700379884
358	1819	127884.46700379884
359	1820	43788.46700379884
360	1821	91452.46700379884
361	1822	142772.46700379884
362	1823	25180.46700379884
363	1824	151772.46700379884
364	1825	157516.46700379884
365	1826	99316.46700379884
366	1827	104508.46700379884
367	1828	159452.46700379884
368	1829	127724.46700379884
369	1830	159324.46700379884
370	1831	169868.46700379884
371	1832	91196.46700379884
372	1833	150836.46700379884
373	1834	113780.46700379884
374	1835	107372.46700379884
375	1836	122972.46700379884
376	1837	104092.46700379884
377	1838	140764.46700379884
378	1839	111964.46700379884
379	1840	181628.46700379884
380	1841	150412.46700379884
381	1842	89324.46700379884
382	1843	134332.46700379884
383	1844	138932.46700379884
384	1845	148148.46700379884
385	1846	131420.46700379884
386	1847	174132.46700379884
387	1848	54956.46700379884
388	1849	116148.46700379884
389	1850	118620.46700379884
390	1851	145012.46700379884
391	1852	125068.46700379884
392	1853	104308.46700379884
393	1854	160308.46700379884
394	1855	153812.46700379884
395	1856	231156.46700379884
396	1857	123564.46700379884
397	1858	124252.46700379884
398	1859	121948.46700379884
399	1860	146908.46700379884
400	1861	121180.46700379884
401	1862	273524.4670037988
402	1863	258356.46700379884
403	1864	258420.46700379884
404	1865	320980.4670037988
405	1866	293876.4670037988
406	1867	224980.46700379884
407	1868	268500.4670037988
408	1869	221524.46700379884
409	1870	214228.46700379884
410	1871	254452.46700379884
411	1872	186452.46700379884
412	1873	222228.46700379884
413	1874	157236.46700379884
414	1875	174772.46700379884
415	1876	192756.46700379884
416	1877	197748.46700379884
417	1878	197532.46700379884
418	1879	117844.46700379884
419	1880	136308.46700379884
420	1881	231444.46700379884
421	1882	243668.46700379884
422	1883	186164.46700379884
423	1884	203508.46700379884
424	1885	233844.46700379884
425	1886	272500.4670037988
426	1887	221332.46700379884
427	1888	253204.46700379884
428	1889	173044.46700379884
429	1890	123060.46700379884
430	1891	111508.46700379884
431	1892	84956.46700379884
432	1893	128476.46700379884
433	1894	101940.46700379884
434	1895	137588.46700379884
435	1896	114356.46700379884
436	1897	115900.46700379884
437	1898	107996.46700379884
438	1899	170484.46700379884
439	1900	167924.46700379884
440	1901	189236.46700379884
441	1902	150964.46700379884
442	1903	225780.46700379884
443	1904	143132.46700379884
444	1905	210356.46700379884
445	1906	183964.46700379884
446	1907	227540.46700379884
447	1908	100788.46700379884
448	1909	148532.46700379884
449	1910	117620.46700379884
450	1911	232436.46700379884
451	1912	313908.4670037988
452	1913	151924.46700379884
453	1914	39404.46700379884
454	1915	275924.4670037988
455	1916	74716.46700379884
456	1917	222900.46700379884
457	1918	140372.46700379884
458	1919	178132.46700379884
459	1920	173596.46700379884
460	1921	314804.4670037988
461	1922	280244.4670037988
462	1923	239284.46700379884
463	1924	240180.46700379884
464	1925	217660.46700379884
465	1926	314228.4670037988
466	1927	135540.46700379884
467	1928	149684.46700379884
468	1929	120980.46700379884
469	1930	136340.46700379884
470	1931	142484.46700379884
471	1932	127092.46700379884
472	1933	192628.46700379884
473	1934	166708.46700379884
474	1935	160116.46700379884
475	1936	192884.46700379884
476	1937	169716.46700379884
477	1938	178164.46700379884
478	1939	261748.46700379884
479	1940	228212.46700379884
480	1941	159260.46700379884
481	1942	185460.46700379884
482	1943	264628.4670037988
483	1944	360948.4670037988
484	1945	360180.4670037988
485	1946	136796.46700379884
486	1947	296052.4670037988
487	1948	163804.46700379884
488	1949	238068.46700379884
489	1950	191988.46700379884
490	1951	226228.46700379884
491	1952	199668.46700379884
492	1953	180532.46700379884
493	1954	197940.46700379884
494	1955	121780.46700379884
495	1956	300148.4670037988
496	1957	158580.46700379884
497	1958	262452.4670037988
498	1959	143732.46700379884
499	1960	98396.46700379884
500	1961	118836.46700379884
501	1962	97332.46700379884
502	1963	108084.46700379884
503	1964	103348.46700379884
504	1965	144436.46700379884
505	1966	135220.46700379884
506	1967	308436.4670037988
507	1968	390900.4670037988
508	1969	356724.4670037988
509	1970	369212.4670037988
510	1971	406452.4670037988
511	1972	345044.4670037988
512	1973	307028.4670037988
513	1974	320308.4670037988
514	1975	438004.4670037988
515	1976	300724.4670037988
516	1977	359284.4670037988
517	1978	347060.4670037988
518	1979	304788.4670037988
519	1980	221556.46700379884
520	1981	310356.4670037988
521	1982	240500.46700379884
522	1983	232180.46700379884
523	1984	205556.46700379884
524	1985	223092.46700379884
525	1986	195636.46700379884
526	1987	235092.46700379884
527	1988	177204.46700379884
528	1989	197428.46700379884
529	1990	215092.46700379884
530	1991	261204.46700379884
531	1992	217428.46700379884
532	1993	174964.46700379884
533	1994	216820.46700379884
534	1995	175988.46700379884
535	1996	320756.4670037988
536	1997	298292.4670037988
537	1998	314132.4670037988
538	1999	307444.4670037988
539	2000	347092.4670037988
540	2001	313364.4670037988
541	2002	238132.46700379884
542	2003	253012.46700379884
543	2004	294676.4670037988
544	2005	212084.46700379884
545	2006	233812.46700379884
546	2007	255508.46700379884
547	2008	240276.46700379884
548	2009	203572.46700379884
549	2010	207060.46700379884
550	2011	142580.46700379884
551	2012	183732.46700379884
552	2013	170804.46700379884
553	2014	186228.46700379884
554	2015	193556.46700379884
555	2016	197940.46700379884
556	2017	200756.46700379884
557	2018	104500.46700379884
558	2019	136628.46700379884
559	2020	89716.46700379884
560	2021	101468.46700379884
561	2022	198228.46700379884
562	2023	126516.46700379884
563	2024	332340.4670037988
564	2025	390836.4670037988
565	2026	176116.46700379884
566	2027	156148.46700379884
567	2028	155324.46700379884
568	2029	158964.46700379884
569	2030	229652.46700379884
570	2031	216468.46700379884
571	2032	216020.46700379884
572	2033	225044.46700379884
573	2034	167732.46700379884
574	2035	229940.46700379884
575	2036	186036.46700379884
576	2037	202588.46700379884
577	2038	272628.4670037988
578	2039	209972.46700379884
579	2040	296924.4670037988
580	2041	291636.4670037988
581	2042	219060.46700379884
582	2043	166804.46700379884
583	2044	167900.46700379884
584	2045	209012.46700379884
585	2046	148444.46700379884
586	2047	112116.46700379884
587	2048	137780.46700379884
588	2049	130996.46700379884
589	2050	160308.46700379884
590	2051	113700.46700379884
591	2052	123996.46700379884
592	2053	151540.46700379884
593	2054	86132.46700379884
594	2055	154868.46700379884
595	2056	167668.46700379884
596	2057	94964.46700379884
597	2058	209780.46700379884
598	2059	137204.46700379884
599	2060	199028.46700379884
600	2061	152116.46700379884
601	2062	122740.46700379884
602	2063	126684.46700379884
603	2064	126772.46700379884
604	2065	122268.46700379884
605	2066	178356.46700379884
606	2067	132084.46700379884
607	2068	143068.46700379884
608	2069	86700.46700379884
609	2070	111244.46700379884
610	2071	86220.46700379884
611	2072	136460.46700379884
612	2073	116276.46700379884
613	2074	175668.46700379884
614	2075	169844.46700379884
615	2076	121596.46700379884
616	2077	158684.46700379884
617	2078	112564.46700379884
618	2079	126580.46700379884
619	2080	118620.46700379884
620	2081	109276.46700379884
621	2082	120412.46700379884
622	2083	143796.46700379884
623	2084	119772.46700379884
624	2085	97436.46700379884
625	2086	137084.46700379884
626	2087	108148.46700379884
627	2088	92276.46700379884
628	2089	66356.46700379884
629	2090	129548.46700379884
630	2091	103020.46700379884
631	2092	147164.46700379884
632	2093	138604.46700379884
633	2094	126284.46700379884
634	2095	177820.46700379884
635	2096	83916.46700379884
636	2097	90764.46700379884
637	2098	131804.46700379884
638	2099	54812.46700379884
639	2100	72668.46700379884
640	2101	109676.46700379884
641	2102	141684.46700379884
642	2103	89676.46700379884
643	2104	134876.46700379884
644	2105	132748.46700379884
645	2106	55836.46700379884
646	2107	200860.46700379884
647	2108	119564.46700379884
648	2109	110004.46700379884
649	2110	123124.46700379884
650	2111	179580.46700379884
651	2112	138092.46700379884
652	2113	106924.46700379884
653	2114	118644.46700379884
654	2115	173620.46700379884
655	2116	114420.46700379884
656	2117	158324.46700379884
657	2118	131444.46700379884
658	2119	119668.46700379884
659	2120	121076.46700379884
660	2121	104732.46700379884
661	2122	122100.46700379884
662	2123	109932.46700379884
663	2124	177396.46700379884
664	2125	116852.46700379884
665	2126	143732.46700379884
666	2127	155828.46700379884
667	2128	145676.46700379884
668	2129	87436.46700379884
669	2130	129436.46700379884
670	2131	124764.46700379884
671	2132	118516.46700379884
672	2133	119476.46700379884
673	2134	130268.46700379884
674	2135	92860.46700379884
675	2136	71532.46700379884
676	2137	103740.46700379884
677	2138	126428.46700379884
678	2139	131924.46700379884
679	2140	149492.46700379884
680	2141	163892.46700379884
681	2142	127540.46700379884
682	2143	143444.46700379884
683	2144	102332.46700379884
684	2145	141108.46700379884
685	2146	205404.46700379884
686	2147	168060.46700379884
687	2148	157708.46700379884
688	2149	148948.46700379884
689	2150	245172.46700379884
690	2151	109940.46700379884
691	2152	181876.46700379884
692	2153	193884.46700379884
693	2154	94036.46700379884
694	2155	121524.46700379884
695	2156	277492.4670037988
696	2157	230644.46700379884
697	2158	226932.46700379884
698	2159	234708.46700379884
699	2160	193236.46700379884
700	2161	238420.46700379884
701	2162	348732.4670037988
702	2163	293012.4670037988
703	2164	236596.46700379884
704	2165	237108.46700379884
705	2166	157364.46700379884
706	2167	228404.46700379884
707	2168	179380.46700379884
708	2169	182388.46700379884
709	2170	208884.46700379884
710	2171	158452.46700379884
711	2172	142492.46700379884
712	2173	192820.46700379884
713	2174	225268.46700379884
714	2175	239476.46700379884
715	2176	271092.4670037988
716	2177	236916.46700379884
717	2178	214612.46700379884
718	2179	128244.46700379884
719	2180	228668.46700379884
720	2181	191604.46700379884
721	2182	218356.46700379884
722	2183	196820.46700379884
723	2184	107164.46700379884
724	2185	122652.46700379884
725	2186	135156.46700379884
726	2187	133908.46700379884
727	2188	146644.46700379884
728	2189	289572.4670037988
729	2190	93916.46700379884
730	2191	58988.46700379884
731	2192	76508.46700379884
732	2193	108316.46700379884
733	2194	100132.46700379884
734	2195	91700.46700379884
735	2196	92444.46700379884
736	2197	99212.46700379884
737	2198	177908.46700379884
738	2199	189884.46700379884
739	2200	160236.46700379884
740	2201	142964.46700379884
741	2202	229548.46700379884
742	2203	129908.46700379884
743	2204	184500.46700379884
744	2205	114268.46700379884
745	2206	152412.46700379884
746	2207	219068.46700379884
747	2208	284212.4670037988
748	2209	220380.46700379884
749	2210	99188.46700379884
750	2211	124396.46700379884
751	2212	114484.46700379884
752	2213	108124.46700379884
753	2214	145140.46700379884
754	2215	105948.46700379884
755	2216	153564.46700379884
756	2217	60188.46700379884
757	2218	54916.46700379884
758	2219	58732.46700379884
759	2220	51980.46700379884
760	2221	276436.4670037988
761	2222	253812.46700379884
762	2223	263220.4670037988
763	2224	215988.46700379884
764	2225	126268.46700379884
765	2226	181236.46700379884
766	2227	195668.46700379884
767	2228	269172.4670037988
768	2229	245588.46700379884
769	2230	170804.46700379884
770	2231	211540.46700379884
771	2232	188596.46700379884
772	2233	191316.46700379884
773	2234	228180.46700379884
774	2235	210868.46700379884
775	2236	247892.46700379884
776	2237	284500.4670037988
777	2238	206716.46700379884
778	2239	117244.46700379884
779	2240	130420.46700379884
780	2241	142940.46700379884
781	2242	114164.46700379884
782	2243	119284.46700379884
783	2244	116820.46700379884
784	2245	127924.46700379884
785	2246	150196.46700379884
786	2247	121204.46700379884
787	2248	130100.46700379884
788	2249	124084.46700379884
789	2250	124468.46700379884
790	2251	88332.46700379884
791	2252	183284.46700379884
792	2253	166260.46700379884
793	2254	181108.46700379884
794	2255	187836.46700379884
795	2256	169524.46700379884
796	2257	207604.46700379884
797	2258	163572.46700379884
798	2259	172788.46700379884
799	2260	143580.46700379884
800	2261	246708.46700379884
801	2262	256948.46700379884
802	2263	359924.4670037988
803	2264	415956.4670037988
804	2265	201132.46700379884
805	2266	301748.4670037988
806	2267	398708.4670037988
807	2268	384276.4670037988
808	2269	152732.46700379884
809	2270	187828.46700379884
810	2271	211380.46700379884
811	2272	197556.46700379884
812	2273	156916.46700379884
813	2274	171764.46700379884
814	2275	155700.46700379884
815	2276	180788.46700379884
816	2277	166452.46700379884
817	2278	161076.46700379884
818	2279	110836.46700379884
819	2280	109172.46700379884
820	2281	149876.46700379884
821	2282	158260.46700379884
822	2283	111732.46700379884
823	2284	103028.46700379884
824	2285	146868.46700379884
825	2286	116340.46700379884
826	2287	363284.4670037988
827	2288	309844.4670037988
828	2289	375380.4670037988
829	2290	391636.4670037988
830	2291	345556.4670037988
831	2292	395444.4670037988
832	2293	424660.4670037988
833	2294	375476.4670037988
834	2295	415700.4670037988
835	2296	297620.4670037988
836	2297	361428.4670037988
837	2298	348020.4670037988
838	2299	364372.4670037988
839	2300	323060.4670037988
840	2301	327252.4670037988
841	2302	280180.4670037988
842	2303	282996.4670037988
843	2304	279380.4670037988
844	2305	244244.46700379884
845	2306	231700.46700379884
846	2307	243156.46700379884
847	2308	256860.46700379884
848	2309	268724.4670037988
849	2310	239700.46700379884
850	2311	241268.46700379884
851	2312	184788.46700379884
852	2313	174836.46700379884
853	2314	180180.46700379884
854	2315	191444.46700379884
855	2316	210324.46700379884
856	2317	188436.46700379884
857	2318	183508.46700379884
858	2319	186900.46700379884
859	2320	192020.46700379884
860	2321	228916.46700379884
861	2322	216532.46700379884
862	2323	194100.46700379884
863	2324	192156.46700379884
864	2325	227284.46700379884
865	2326	184628.46700379884
866	2327	199412.46700379884
867	2328	212212.46700379884
868	2329	182196.46700379884
869	2330	177140.46700379884
870	2331	333204.4670037988
871	2332	386164.4670037988
872	2333	326260.4670037988
873	2334	289268.4670037988
874	2335	306228.4670037988
875	2336	318196.4670037988
876	2337	211540.46700379884
877	2338	246292.46700379884
878	2339	231196.46700379884
879	2340	337236.4670037988
880	2341	236116.46700379884
881	2342	241108.46700379884
882	2343	253652.46700379884
883	2344	221788.46700379884
884	2345	229172.46700379884
885	2346	226388.46700379884
886	2347	222548.46700379884
887	2348	254356.46700379884
888	2349	212564.46700379884
889	2350	284244.4670037988
890	2351	260308.46700379884
891	2352	252308.46700379884
892	2353	275604.4670037988
893	2354	167124.46700379884
894	2355	163956.46700379884
895	2356	140724.46700379884
896	2357	198324.46700379884
897	2358	196788.46700379884
898	2359	110900.46700379884
899	2360	131188.46700379884
900	2361	152820.46700379884
901	2362	276532.4670037988
902	2363	131572.46700379884
903	2364	156028.46700379884
904	2365	215188.46700379884
905	2366	197204.46700379884
906	2367	218068.46700379884
907	2368	212564.46700379884
908	2369	212756.46700379884
909	2370	156340.46700379884
910	2371	140020.46700379884
911	2372	197212.46700379884
912	2373	282036.4670037988
913	2374	299572.4670037988
914	2375	243956.46700379884
915	2376	289140.4670037988
916	2377	322484.4670037988
917	2378	163356.46700379884
918	2379	200052.46700379884
919	2380	132116.46700379884
920	2381	165556.46700379884
921	2382	219444.46700379884
922	2383	202292.46700379884
923	2384	233524.46700379884
924	2385	161332.46700379884
925	2386	124444.46700379884
926	2387	137780.46700379884
927	2388	110372.46700379884
928	2389	132468.46700379884
929	2390	158236.46700379884
930	2391	126772.46700379884
931	2392	114612.46700379884
932	2393	177052.46700379884
933	2394	134900.46700379884
934	2395	210164.46700379884
935	2396	148788.46700379884
936	2397	217076.46700379884
937	2398	122548.46700379884
938	2399	76684.46700379884
939	2400	55404.46700379884
940	2401	127964.46700379884
941	2402	144948.46700379884
942	2403	135604.46700379884
943	2404	139412.46700379884
944	2405	149716.46700379884
945	2406	153396.46700379884
946	2407	104948.46700379884
947	2408	159796.46700379884
948	2409	110004.46700379884
949	2410	163444.46700379884
950	2411	122076.46700379884
951	2412	149660.46700379884
952	2413	122164.46700379884
953	2414	160948.46700379884
954	2415	129076.46700379884
955	2416	124940.46700379884
956	2417	139868.46700379884
957	2418	139700.46700379884
958	2419	116724.46700379884
959	2420	121140.46700379884
960	2421	153588.46700379884
961	2422	103988.46700379884
962	2423	107276.46700379884
963	2424	134836.46700379884
964	2425	238236.46700379884
965	2426	136124.46700379884
966	2427	137836.46700379884
967	2428	181844.46700379884
968	2429	104732.46700379884
969	2430	126772.46700379884
970	2431	113884.46700379884
971	2432	145332.46700379884
972	2433	145524.46700379884
973	2434	133884.46700379884
974	2435	142260.46700379884
975	2436	92452.46700379884
976	2437	89780.46700379884
977	2438	107668.46700379884
978	2439	103924.46700379884
979	2440	114292.46700379884
980	2441	101868.46700379884
981	2442	97932.46700379884
982	2443	145332.46700379884
983	2444	124020.46700379884
984	2445	69020.46700379884
985	2446	129804.46700379884
986	2447	211060.46700379884
987	2448	144572.46700379884
988	2449	101364.46700379884
989	2450	157644.46700379884
990	2451	89652.46700379884
991	2452	219628.46700379884
992	2453	97332.46700379884
993	2454	123044.46700379884
994	2455	165468.46700379884
995	2456	133300.46700379884
996	2457	153052.46700379884
997	2458	134708.46700379884
998	2459	112116.46700379884
999	2460	157428.46700379884
1000	2461	137076.46700379884
1001	2462	133748.46700379884
1002	2463	137052.46700379884
1003	2464	197468.46700379884
1004	2465	154604.46700379884
1005	2466	95036.46700379884
1006	2467	139228.46700379884
1007	2468	86172.46700379884
1008	2469	94652.46700379884
1009	2470	203764.46700379884
1010	2471	225268.46700379884
1011	2472	180172.46700379884
1012	2473	103580.46700379884
1013	2474	61852.46700379884
1014	2475	227636.46700379884
1015	2476	104756.46700379884
1016	2477	121876.46700379884
1017	2478	152468.46700379884
1018	2479	93260.46700379884
1019	2480	160116.46700379884
1020	2481	138196.46700379884
1021	2482	136724.46700379884
1022	2483	104180.46700379884
1023	2484	136052.46700379884
1024	2485	134452.46700379884
1025	2486	136884.46700379884
1026	2487	191668.46700379884
1027	2488	192988.46700379884
1028	2489	150388.46700379884
1029	2490	146676.46700379884
1030	2491	113372.46700379884
1031	2492	191796.46700379884
1032	2493	152756.46700379884
1033	2494	137244.46700379884
1034	2495	80780.46700379884
1035	2496	249332.46700379884
1036	2497	146740.46700379884
1037	2498	105588.46700379884
1038	2499	79148.46700379884
1039	2500	90612.46700379884
1040	2501	126132.46700379884
1041	2502	134644.46700379884
1042	2503	85772.46700379884
1043	2504	186156.46700379884
1044	2505	242076.46700379884
1045	2506	258196.46700379884
1046	2507	277332.4670037988
1047	2508	257172.46700379884
1048	2509	210356.46700379884
1049	2510	214580.46700379884
1050	2511	189812.46700379884
1051	2512	229556.46700379884
1052	2513	230580.46700379884
1053	2514	272116.4670037988
1054	2515	149172.46700379884
1055	2516	179572.46700379884
1056	2517	158836.46700379884
1057	2518	157044.46700379884
1058	2519	236532.46700379884
1059	2520	205620.46700379884
1060	2521	190900.46700379884
1061	2522	213620.46700379884
1062	2523	110524.46700379884
1063	2524	122708.46700379884
1064	2525	134420.46700379884
1065	2526	144276.46700379884
1066	2527	128532.46700379884
1067	2528	147036.46700379884
1068	2529	135860.46700379884
1069	2530	135924.46700379884
1070	2531	261876.46700379884
1071	2532	223476.46700379884
1072	2533	197172.46700379884
1073	2534	249012.46700379884
1074	2535	253364.46700379884
1075	2536	232052.46700379884
1076	2537	244276.46700379884
1077	2538	194196.46700379884
1078	2539	199636.46700379884
1079	2540	199636.46700379884
1080	2541	190324.46700379884
1081	2542	164084.46700379884
1082	2543	119292.46700379884
1083	2544	92700.46700379884
1084	2545	134220.46700379884
1085	2546	128428.46700379884
1086	2547	134612.46700379884
1087	2548	155684.46700379884
1088	2549	149108.46700379884
1089	2550	555220.4670037988
1090	2551	143476.46700379884
1091	2552	125844.46700379884
1092	2553	50060.46700379884
1093	2554	92060.46700379884
1094	2555	94580.46700379884
1095	2556	80436.46700379884
1096	2557	80636.46700379884
1097	2558	211100.46700379884
1098	2559	145460.46700379884
1099	2560	172140.46700379884
1100	2561	164340.46700379884
1101	2562	168092.46700379884
1102	2563	161932.46700379884
1103	2564	197748.46700379884
1104	2565	171700.46700379884
1105	2566	151284.46700379884
1106	2567	135988.46700379884
1107	2568	205108.46700379884
1108	2569	239708.46700379884
1109	2570	100852.46700379884
1110	2571	200564.46700379884
1111	2572	179060.46700379884
1112	2573	229108.46700379884
1113	2574	282676.4670037988
1114	2575	139484.46700379884
1115	2576	129036.46700379884
1116	2577	136124.46700379884
1117	2578	85900.46700379884
1118	2579	39180.46700379884
1119	2580	88524.46700379884
1120	2581	112412.46700379884
1121	2582	113932.46700379884
1122	2583	277332.4670037988
1123	2584	175892.46700379884
1124	2585	176372.46700379884
1125	2586	211124.46700379884
1126	2587	194036.46700379884
1127	2588	142740.46700379884
1128	2589	140948.46700379884
1129	2590	191828.46700379884
1130	2591	272628.4670037988
1131	2592	225492.46700379884
1132	2593	247316.46700379884
1133	2594	202548.46700379884
1134	2595	199860.46700379884
1135	2596	286932.4670037988
1136	2597	189364.46700379884
1137	2598	296116.4670037988
1138	2599	302164.4670037988
1139	2600	177612.46700379884
1140	2601	123604.46700379884
1141	2602	53748.46700379884
1142	2603	91732.46700379884
1143	2604	68916.46700379884
1144	2605	52316.46700379884
1145	2606	140436.46700379884
1146	2607	220788.46700379884
1147	2608	207148.46700379884
1148	2609	174260.46700379884
1149	2610	111572.46700379884
1150	2611	122460.46700379884
1151	2612	164980.46700379884
1152	2613	135092.46700379884
1153	2614	119412.46700379884
1154	2615	156724.46700379884
1155	2616	163956.46700379884
1156	2617	183988.46700379884
1157	2618	252156.46700379884
1158	2619	211636.46700379884
1159	2620	173364.46700379884
1160	2621	175284.46700379884
1161	2622	180980.46700379884
1162	2623	216692.46700379884
1163	2624	276116.4670037988
1164	2625	274740.4670037988
1165	2626	177012.46700379884
1166	2627	201908.46700379884
1167	2628	445268.4670037988
1168	2629	461396.4670037988
1169	2630	388628.4670037988
1170	2631	402900.4670037988
1171	2632	400532.4670037988
1172	2633	310708.4670037988
1173	2634	390580.4670037988
1174	2635	148244.46700379884
1175	2636	160884.46700379884
1176	2637	177844.46700379884
1177	2638	290644.4670037988
1178	2639	200116.46700379884
1179	2640	145588.46700379884
1180	2641	101684.46700379884
1181	2642	155700.46700379884
1182	2643	109492.46700379884
1183	2644	129652.46700379884
1184	2645	108532.46700379884
1185	2646	91124.46700379884
1186	2647	101364.46700379884
1187	2648	147380.46700379884
1188	2649	162420.46700379884
1189	2650	153780.46700379884
1190	2651	131572.46700379884
1191	2652	367060.4670037988
1192	2653	289748.4670037988
1193	2654	291156.4670037988
1194	2655	373108.4670037988
1195	2656	341396.4670037988
1196	2657	336532.4670037988
1197	2658	325268.4670037988
1198	2659	353108.4670037988
1199	2660	341716.4670037988
1200	2661	360916.4670037988
1201	2662	355892.4670037988
1202	2663	291188.4670037988
1203	2664	266484.4670037988
1204	2665	347284.4670037988
1205	2666	294548.4670037988
1206	2667	194644.46700379884
1207	2668	192084.46700379884
1208	2669	192276.46700379884
1209	2670	269076.4670037988
1210	2671	192148.46700379884
1211	2672	197780.46700379884
1212	2673	185108.46700379884
1213	2674	186932.46700379884
1214	2675	193684.46700379884
1215	2676	197844.46700379884
1216	2677	195188.46700379884
1217	2678	250004.46700379884
1218	2679	300276.4670037988
1219	2680	304244.4670037988
1220	2681	378772.4670037988
1221	2682	336180.4670037988
1222	2683	466036.4670037988
1223	2684	358068.4670037988
1224	2685	339572.4670037988
1225	2686	275412.4670037988
1226	2687	287700.4670037988
1227	2688	220116.46700379884
1228	2689	225300.46700379884
1229	2690	321108.4670037988
1230	2691	210804.46700379884
1231	2692	155572.46700379884
1232	2693	213460.46700379884
1233	2694	150996.46700379884
1234	2695	199540.46700379884
1235	2696	184948.46700379884
1236	2697	191988.46700379884
1237	2698	202396.46700379884
1238	2699	160948.46700379884
1239	2700	139380.46700379884
1240	2701	134068.46700379884
1241	2702	93044.46700379884
1242	2703	115700.46700379884
1243	2704	152628.46700379884
1244	2705	92916.46700379884
1245	2706	76828.46700379884
1246	2707	113908.46700379884
1247	2708	129268.46700379884
1248	2709	114036.46700379884
1249	2710	124404.46700379884
1250	2711	319860.4670037988
1251	2712	394100.4670037988
1252	2713	179060.46700379884
1253	2714	135412.46700379884
1254	2715	164340.46700379884
1255	2716	141044.46700379884
1256	2717	208372.46700379884
1257	2718	226100.46700379884
1258	2719	151732.46700379884
1259	2720	192308.46700379884
1260	2721	114100.46700379884
1261	2722	152948.46700379884
1262	2723	145820.46700379884
1263	2724	124020.46700379884
1264	2725	127732.46700379884
1265	2726	139092.46700379884
1266	2727	202748.46700379884
1267	2728	179892.46700379884
1268	2729	127284.46700379884
1269	2730	141812.46700379884
1270	2731	133556.46700379884
1271	2732	133684.46700379884
1272	2733	170932.46700379884
1273	2734	129012.46700379884
1274	2735	139356.46700379884
1275	2736	149468.46700379884
1276	2737	122716.46700379884
1277	2738	129908.46700379884
1278	2739	139444.46700379884
1279	2740	136308.46700379884
1280	2741	127476.46700379884
1281	2742	160348.46700379884
1282	2743	145748.46700379884
1283	2744	166740.46700379884
1284	2745	155900.46700379884
1285	2746	131420.46700379884
1286	2747	172724.46700379884
1287	2748	120412.46700379884
1288	2749	135284.46700379884
1289	2750	132660.46700379884
1290	2751	128692.46700379884
1291	2752	205532.46700379884
1292	2753	173300.46700379884
1293	2754	237260.46700379884
1294	2755	139100.46700379884
1295	2756	94092.46700379884
1296	2757	59628.46700379884
1297	2758	69748.46700379884
1298	2759	165428.46700379884
1299	2760	116252.46700379884
1300	2761	134868.46700379884
1301	2762	123124.46700379884
1302	2763	185332.46700379884
1303	2764	151644.46700379884
1304	2765	293044.4670037988
1305	2766	140212.46700379884
1306	2767	77916.46700379884
1307	2768	113716.46700379884
1308	2769	116404.46700379884
1309	2770	145012.46700379884
1310	2771	106356.46700379884
1311	2772	103892.46700379884
1312	2773	163676.46700379884
1313	2774	151260.46700379884
1314	2775	118156.46700379884
1315	2776	139124.46700379884
1316	2777	138628.46700379884
1317	2778	124812.46700379884
1318	2779	118380.46700379884
1319	2780	95900.46700379884
1320	2781	95500.46700379884
1321	2782	94620.46700379884
1322	2783	102764.46700379884
1323	2784	135644.46700379884
1324	2785	139316.46700379884
1325	2786	56588.46700379884
1326	2787	120116.46700379884
1327	2788	67276.46700379884
1328	2789	151788.46700379884
1329	2790	108908.46700379884
1330	2791	104564.46700379884
1331	2792	58972.46700379884
1332	2793	181532.46700379884
1333	2794	107420.46700379884
1334	2795	133236.46700379884
1335	2796	94060.46700379884
1336	2797	191604.46700379884
1337	2798	115356.46700379884
1338	2799	110348.46700379884
1339	2800	70556.46700379884
1340	2801	118716.46700379884
1341	2802	118196.46700379884
1342	2803	141812.46700379884
1343	2804	151644.46700379884
1344	2805	103716.46700379884
1345	2806	62188.46700379884
1346	2807	164980.46700379884
1347	2808	156244.46700379884
1348	2809	128340.46700379884
1349	2810	132092.46700379884
1350	2811	176500.46700379884
1351	2812	178484.46700379884
1352	2813	152180.46700379884
1353	2814	143668.46700379884
1354	2815	109676.46700379884
1355	2816	231828.46700379884
1356	2817	167380.46700379884
1357	2818	118484.46700379884
1358	2819	128340.46700379884
1359	2820	125108.46700379884
1360	2821	88828.46700379884
1361	2822	181548.46700379884
1362	2823	294900.4670037988
1363	2824	165812.46700379884
1364	2825	158500.46700379884
1365	2826	140916.46700379884
1366	2827	114100.46700379884
1367	2828	226428.46700379884
1368	2829	232532.46700379884
1369	2830	215956.46700379884
1370	2831	194396.46700379884
1371	2832	238036.46700379884
1372	2833	281172.4670037988
1373	2834	250068.46700379884
1374	2835	240180.46700379884
1375	2836	201620.46700379884
1376	2837	157532.46700379884
1377	2838	149940.46700379884
1378	2839	155764.46700379884
1379	2840	191476.46700379884
1380	2841	193652.46700379884
1381	2842	215604.46700379884
1382	2843	145236.46700379884
1383	2844	164116.46700379884
1384	2845	130292.46700379884
1385	2846	195764.46700379884
1386	2847	196532.46700379884
1387	2848	214324.46700379884
1388	2849	200692.46700379884
1389	2850	257364.46700379884
1390	2851	207028.46700379884
1391	2852	218740.46700379884
1392	2853	238100.46700379884
1393	2854	135700.46700379884
1394	2855	204020.46700379884
1395	2856	213652.46700379884
1396	2857	195796.46700379884
1397	2858	214484.46700379884
1398	2859	94260.46700379884
1399	2860	152380.46700379884
1400	2861	120700.46700379884
1401	2862	194548.46700379884
1402	2863	137964.46700379884
1403	2864	245724.46700379884
1404	2865	145812.46700379884
1405	2866	126068.46700379884
1406	2867	79156.46700379884
1407	2868	107324.46700379884
1408	2869	117276.46700379884
1409	2870	124156.46700379884
1410	2871	54684.46700379884
1411	2872	32988.46700379884
1412	2873	80012.46700379884
1413	2874	122740.46700379884
1414	2875	125468.46700379884
1415	2876	166772.46700379884
1416	2877	136244.46700379884
1417	2878	183004.46700379884
1418	2879	129684.46700379884
1419	2880	82996.46700379884
1420	2881	162636.46700379884
1421	2882	193396.46700379884
1422	2883	196828.46700379884
1423	2884	210292.46700379884
1424	2885	190196.46700379884
1425	2886	256884.46700379884
1426	2887	130524.46700379884
1427	2888	137716.46700379884
1428	2889	58220.46700379884
1429	2890	70412.46700379884
1430	2891	144180.46700379884
1431	2892	25948.46700379884
1432	2893	76284.46700379884
1433	2894	48140.46700379884
1434	2895	297044.4670037988
1435	2896	257268.46700379884
1436	2897	213812.46700379884
1437	2898	158900.46700379884
1438	2899	200180.46700379884
1439	2900	152724.46700379884
1440	2901	240252.46700379884
1441	2902	180212.46700379884
1442	2903	298580.4670037988
1443	2904	315476.4670037988
1444	2905	105580.46700379884
1445	2906	206516.46700379884
1446	2907	109684.46700379884
1447	2908	126708.46700379884
1448	2909	147572.46700379884
1449	2910	74772.46700379884
1450	2911	63796.46700379884
1451	2912	169364.46700379884
1452	2913	53116.46700379884
1453	2914	53236.46700379884
1454	2915	65268.46700379884
1455	2916	71164.46700379884
1456	2917	156220.46700379884
1457	2918	115348.46700379884
1458	2919	216596.46700379884
